10084
10717
10825
24301
24642
24241
24654
25883
25886
23209
26263
26300
26060
25813
28897
25983
26106
26113
26186
28449
26063
28391
28406
29081
27691
28438
29236
34339
29182
29167
27102
26889
29091
29163
31466
29346
31389
31346
26618
27213
31298
31289
31252
30085
30105
31719
31254
34340
31360
31172
31167
31162
31156
31145
31122
31110
30143
31075
29421
29368
30152
32933
33400
32864
32788
33339
33340
32860
32772
32742
33317
32736
33313
32730
32695
34197
34326
34323
34316
34170
34255
34258
34171
34227
34194
33229
34139
34135
31185
32728
34129
33199
33183
34010
34050
33166
32922
34278
34341
33969
33921
33948
33941
33930
33935
33458
33911
33895
33893
33875
33874
33118
33848
33110
29172
29322
29328
33082
33282
31316
29413
29395
33799
33779
33960
33789
33070
33073
33764
33066
33751
29312
33702
33738
33690
34113
34176
33667
33659
33426
27277
33442
33622
33595
33430
33429
34084
33899
33553
